1 0.920899125 0.42992058125000004 0.9522553203124999 0.44319616249999993 0.975026934375 0.43663149843750004 0.9487425500000001 0.42442284687500004 0.920899125 0.42992058125000004
1 0.8682097656250001 0.3460313171875 0.8789015718750001 0.337593453125 0.8734526140625001 0.319080775 0.9380836499999999 0.30863094687500003 0.8891131734375 0.2889782203125 0.8271550859374999 0.29731857968750003 0.8113059515625001 0.31869825625 0.8388928218749999 0.3552267171875 0.8743099671874999 0.3767039 0.902890153125 0.3693573296875 0.8896964359374999 0.3518871984375 0.8682097656250001 0.3460313171875
1 0.8167899843749999 0.41069162343750004 0.7902315093750001 0.40376882031249994 0.7500341796875001 0.41267920625 0.7326260078125 0.4517652765625 0.7434208703125 0.4660590203125 0.7762505859375 0.4756369375 0.8716896296875 0.48903439843749996 0.89031476875 0.48827686249999996 0.89113705 0.47241930156249995 0.8167899843749999 0.41069162343750004
1 0.29158686093749997 0.6021167859375 0.2881596125 0.5693347375 0.3229255140625 0.5786520187499999 0.3684687453125 0.5655227 0.37263275625 0.596455915625 0.42705219687499996 0.6346213234375 0.500627425 0.6247171453125 0.5362835921875 0.5674277875 0.581535190625 0.5228439796875 0.5885256531249999 0.48690992031249997 0.6557945671875001 0.400869940625 0.6961629281249999 0.363942090625 0.7460412062499999 0.353728525 0.7550709171875 0.34026544062499997 0.7307227203125 0.32779615 0.6600945375 0.33030500625000003 0.656410734375 0.3395491578125 0.666468834375 0.355691734375 0.65891265 0.3654571546875 0.61336941875 0.378586475 0.5428618296875001 0.44056728593749994 0.43325328281250003 0.49031506562500005 0.4015550171875 0.53307441875 0.35554912031249997 0.5427667140625 0.2985597875 0.529442384375 0.2244363703125 0.5499182703125001 0.108471071875 0.6110196671875 0.06608099687499999 0.6622168875 0.02579815 0.6851360046875 0.0104116859375 0.70995270625 0.0190138046875 0.766533284375 0.0436360890625 0.7737167203124999 0.12929112812500002 0.76568575 0.1478307484375 0.7789369500000001 0.19133473125 0.7433366578125 0.2858813453125 0.6256303046875 0.29158686093749997 0.6021167859375
1 0.94608930625 0.6609831046875 0.9295713921875001 0.6334625359375 0.8808750078124999 0.608523953125 0.8082251140625001 0.625302178125 0.786481890625 0.6614724984375 0.7868590390625 0.6789182515625 0.8226533359375001 0.71784119375 0.8702358140625 0.7271828484375 0.9198399984375 0.722255134375 0.9447188390625 0.687412375 0.94608930625 0.6609831046875
1 0.7839821453125 0.833274946875 0.7690408093750001 0.8247883312500001 0.7543560312500001 0.7742755109375 0.7344284062499999 0.7507132390625 0.657151834375 0.7331212265625 0.617708803125 0.7769231234375 0.6186516765625 0.8205375125 0.6415438859375 0.8734448078125 0.679274371875 0.9121071125 0.7205856109375001 0.9187936531249999 0.7591208421875 0.90485805 0.796353584375 0.8666026421874999 0.7839821453125 0.833274946875
1 0.8611907375 0.9016160375 0.822004265625 0.9033917375 0.831702753125 0.9388289000000001 0.8678391265625001 0.921716909375 0.8888631234375 0.9241357640625001 0.8611907375 0.9016160375
1 0.5350956124999999 1 0.537042225 0.9977402 0.5408115515625 0.9744873171874999 0.5269665890625 0.944857278125 0.5224254296875 0.89647830625 0.5005616093749999 0.8731766703125 0.482673234375 0.872085371875 0.46348236875 0.8466742703125 0.4427324625 0.8389695609375 0.41516313125000004 0.83918144375 0.3923059953125 0.8597548375 0.3876113375 0.8761336734375 0.3968471578125 0.908133809375 0.42193211249999996 0.9187542687500001 0.4672012484375 0.9109108062500001 0.4513696515625 0.9690308234374999 0.4555385046875 1 0.5350956124999999 1
1 0.21252982656250002 1 0.2159767234375 0.9849708859374999 0.2393820421875 0.9538257874999999 0.28778680156249997 0.94730988125 0.3052980328125 0.9309554203125 0.31984467968749997 0.8852559421875 0.31513248125 0.8648944328124999 0.2637631421875 0.842065315625 0.2109378203125 0.8596742015625001 0.20725401406250002 0.868918353125 0.22025916093750003 0.877665609375 0.2230351671875 0.8982877546875001 0.21834050624999998 0.9146665890625 0.1510540546875 0.9639662265625001 0.162500159375 0.9904198734375 0.164134815625 1 0.21252982656250002 1
1 0.1503634015625 0.4829047375 0.1293569375 0.517226225 0.12706113593749999 0.536781446875 0.1645855125 0.5299805296875 0.23140929687499998 0.47724386875 0.1503634015625 0.4829047375
1 0 0.5711475453125 0.046015239062500005 0.5424423171874999 0.049784564062499995 0.5191894312499999 0 0.5272804390625 0 0.5711475453125
1 0.9879045828124999 0.5429436937500001 0.9352418312499999 0.5364683296874999 0.9508344078125001 0.5571148499999999 0.9871961515625 0.573380765625 0.9879045828124999 0.5429436937500001