1 0.03125 0.494059728125 0.060546875 0.4767242953125 0.032226564062500004 0.47499075468749996 0.0078125 0.4905926390625 0.03125 0.494059728125
1 0.1015625 0.38658006562499997 0.08105468593750001 0.39524778125000004 0.0703125 0.4143167515625 0.099609375 0.417783840625 0.1318359359375 0.3917806953125 0.154296875 0.3519092078125 0.1357421859375 0.3328402359375 0.07324218593750001 0.3328402359375 0.02734375 0.358843378125 0.09277343593750001 0.3605769234375 0.08984375 0.37964589375 0.1015625 0.38658006562499997
1 0.09863281406249999 0.5304641265625001 0.1171875 0.5287305859375 0.2099609359375 0.502727440625 0.2412109359375 0.488859096875 0.25 0.47325721249999997 0.2275390640625 0.4368528109375 0.1865234359375 0.43338572500000005 0.1611328140625 0.44378698281249995 0.095703125 0.5148622421875 0.09863281406249999 0.5304641265625001
1 0.7666015640625 0.502727440625 0.6904296859375 0.49232618281249996 0.6357421859375 0.5131286984375001 0.5888671859375 0.5096616125 0.5517578140625 0.47152366875 0.4365234359375 0.4368528109375 0.3583984359375 0.3848465234375 0.3115234359375 0.37791235156249997 0.302734375 0.3692446390625 0.310546875 0.3519092078125 0.3056640640625 0.34324149375 0.2353515640625 0.350175665625 0.212890625 0.36577755 0.2236328140625 0.37791235156249997 0.2744140640625 0.38137943750000003 0.3193359359375 0.412583209375 0.3974609359375 0.488859096875 0.4091796859375 0.52352995625 0.4599609359375 0.5616679 0.5029296859375 0.6136741859375 0.5771484359375 0.6136741859375 0.6259765640625 0.5686020703125 0.6259765640625 0.5373982984375 0.6728515640625 0.5443324703125 0.7060546859375 0.5304641265625001 0.70703125 0.56340144375 0.7158203140625 0.5859375 0.8251953140625 0.6899500734374999 0.873046875 0.7194203015625 0.8896484359375 0.7038184171874999 0.9755859359375 0.70035133125 0.9990234359375 0.6899500734374999 1 0.632743159375 0.9814453140625 0.6102071 0.9384765640625 0.592871671875 0.8896484359375 0.54779955625 0.7666015640625 0.502727440625
1 0.07128906406249999 0.7350221890624999 0.10058593593750001 0.7662259609375 0.150390625 0.7644924203125 0.1962890640625 0.7488905328125 0.2265625 0.7055519578125 0.224609375 0.6882165328125 0.1982421859375 0.655279215625 0.12402343593750001 0.64834504375 0.07910156406249999 0.6795488171875 0.06640625 0.7090190468750001 0.07128906406249999 0.7350221890624999
1 0.263671875 0.8477024796875 0.25 0.858103734375 0.2421875 0.8927745921874999 0.2841796859375 0.9257119078124999 0.32421875 0.934379621875 0.3642578140625 0.9222448218749999 0.396484375 0.8789062484375 0.412109375 0.823432875 0.4072265640625 0.7800943046875 0.3623046859375 0.7419563609375001 0.2880859359375 0.769693046875 0.271484375 0.7956961890625001 0.263671875 0.8477024796875
1 0.158203125 0.9621163078125001 0.1787109359375 0.9569156812499999 0.216796875 0.9690504796875 0.2216796859375 0.9326460796875 0.1826171859375 0.936113165625 0.158203125 0.9621163078125001
1 0.6162109359375 0.8147651625 0.5888671859375 0.8182322484375 0.5693359359375 0.8286335062499999 0.5537109359375 0.8563701921875 0.5361328140625 0.8598372781249999 0.517578125 0.8858404203125 0.51953125 0.934379621875 0.509765625 0.965583396875 0.5166015640625 0.9881194531249999 0.5283203140625 0.998520709375 0.583984375 0.996787165625 0.59765625 0.9898529937499999 0.59765625 0.9482479640625 0.57421875 0.8927745921874999 0.6201171859375 0.8945081359374999 0.6435546859375 0.8806397921875 0.6484375 0.8477024796875 0.6416015640625 0.8321005921875001 0.6162109359375 0.8147651625
1 0.8212890640625 0.8078309906250001 0.7666015640625 0.797429734375 0.71875 0.8268999640624999 0.716796875 0.8477024796875 0.7373046859375 0.8910410499999999 0.7568359359375 0.90490939375 0.8056640640625 0.90490939375 0.8330078140625 0.9326460796875 0.8564453140625 0.995053625 0.875 0.996787165625 0.884765625 0.9863859109374999 0.88671875 0.9309125390625 0.89453125 0.9031758515625 0.8212890640625 0.8633043640625001 0.814453125 0.8477024796875 0.814453125 0.8268999640624999 0.826171875 0.8164987046875 0.8212890640625 0.8078309906250001
1 0.75 0.43165218281250006 0.8232421859375 0.47499075468749996 0.861328125 0.4767242953125 0.8564453140625 0.457655325 0.8310546859375 0.426451553125 0.75 0.43165218281250006
1 1 0.49752681093750006 0.9990234359375 0.45072115312500005 0.935546875 0.44898760937500004 0.9423828140625 0.47152366875 1 0.49752681093750006
1 0.0009765640625 0.59980584375 0 0.632743159375 0.005859375 0.632743159375 0.047851564062500004 0.6067400140625 0.060546875 0.5842039578125 0.0009765640625 0.59980584375