1 0.0426456 0.41177311406249995 0.0163678859375 0.42275178750000003 0.039133720312499995 0.43037305468750003 0.0704819546875 0.41856411250000003 0.0426456 0.41177311406249995
1 0.1124688484375 0.32824046562500003 0.123157940625 0.337171621875 0.101676725 0.342024196875 0.08848635625 0.358870978125 0.1170592859375 0.3675441390625 0.15246744375000001 0.3477269375 0.18004731093749998 0.312501846875 0.1642021984375 0.29039559062500003 0.1022598390625 0.2791753765625 0.053301792187499995 0.29653815156249996 0.117916421875 0.3099911578125 0.1124688484375 0.32824046562500003
1 0.11967895937499999 0.4799376796875 0.2150937765625 0.47099006093750007 0.24791515937500003 0.462945434375 0.2587072828125 0.44916170781250003 0.241303528125 0.4092857703125 0.2011164015625 0.3985088203125 0.1745646703125 0.404191659375 0.10023647656250001 0.4624259984375 0.10105854843749999 0.47831351718750004 0.11967895937499999 0.4799376796875
1 0.331220340625 0.3311415984375 0.2606100859375 0.325346221875 0.23626807031250002 0.33667552968750003 0.2452954890625 0.350551896875 0.2951611046875 0.363082003125 0.33551922031250003 0.401869678125 0.4027710578125 0.49099597343749996 0.409759746875 0.52723659375 0.454999859375 0.57390353125 0.4906469734375 0.632822671875 0.564203525 0.646146675 0.618609153125 0.610534590625 0.62277210625 0.5798114437499999 0.6683037765625001 0.5950539703125 0.703060853125 0.5873599781250001 0.699634475 0.6199652828125 0.7053385421875 0.6437320640624999 0.7998611578125 0.765777928125 0.843354096875 0.803384709375 0.8618890109375 0.79100350625 0.94752230625 0.80301761875 0.9721383421875001 0.7969841484375 0.9807382765625 0.7408336984375 0.96535571875 0.71531375625 0.9250830984375 0.6905314437500001 0.8827037828125001 0.6373877718750001 0.766767921875 0.570920096875 0.69266331875 0.5470044093750001 0.6356884515625 0.557668821875 0.58969423125 0.5458399765624999 0.5580040140625 0.5016274625 0.4484232890625 0.4468033625 0.37793359843749996 0.38157285 0.3324019296875 0.3663303234375 0.32484766249999997 0.3562182734375 0.3349032109375 0.340552384375 0.331220340625 0.3311415984375
1 0.0466682890625 0.67481196875 0.0715408125 0.7107945906250001 0.12113240624999999 0.7180288609375001 0.16870280625 0.71090713125 0.2044880171875 0.67367088125 0.20486507031249998 0.6562518390625 0.183127365625 0.6190883203124999 0.11049591406249999 0.5989369499999999 0.061811890625 0.6215955703125 0.04529816875 0.64833276875 0.0466682890625 0.67481196875
1 0.25690534062500003 0.7478689171874999 0.23698277499999998 0.77049116875 0.2223017234375 0.8202938906250001 0.2073641796875 0.8280805156250001 0.19499588125 0.8608148171875 0.23221917187500002 0.9007833875 0.2707446234375 0.9165055437499999 0.31204537499999996 0.9117456046875001 0.349766284375 0.874859990625 0.3726526796875 0.8230461140625 0.373595315625 0.7794985015625 0.334162296875 0.733883459375 0.25690534062500003 0.7478689171874999
1 0.1025098265625 0.9140113124999999 0.12352848593750002 0.9125724234374999 0.15965568593749999 0.93135763125 0.1693517109375 0.8963905390625 0.13017518749999998 0.8927915890625 0.1025098265625 0.9140113124999999
1 0.5370804671875 1 0.53989224375 0.9792487140624999 0.524064665625 0.9204222078125 0.5693223109375001 0.9303688937500001 0.5944008968750001 0.9209217421875 0.6036343750000001 0.8893683359375 0.59894090625 0.87277955 0.5760895734375 0.8511529234375 0.5485272390625 0.8496577625 0.5277826015625 0.8563924937499999 0.5085966078124999 0.8808969031249999 0.490712771875 0.8811549031249999 0.4688545046875 0.903426521875 0.46431449531249996 0.9515687156249999 0.4504730484375 0.9805387046874999 0.45360496093749997 1 0.5370804671875 1
1 0.8349048609375 1 0.8401316078125 0.9881668578125 0.7728622374999999 0.9357608140625 0.7681687671875 0.9191720312499999 0.7709440703125 0.8986899328125 0.7839459140625 0.890552671875 0.7802630453125 0.881141884375 0.7274511312499999 0.86108315 0.67609483125 0.8815089796875 0.6713838296875 0.9016404453125 0.685926784375 0.9479931125000001 0.70343356875 0.9651541625 0.7518260421875 0.9739199562499999 0.770767346875 1 0.8349048609375 1
1 0.759796765625 0.49795922656249997 0.8266035859375 0.5537789531249999 0.8641184375 0.5623231109375 0.8618232203125 0.5426712765625 0.8408220875 0.5073899171875 0.759796765625 0.49795922656249997
1 1 0.5605925109375 0.9413753937499999 0.5483376515625 0.9451437625000001 0.571753803125 0.9987777453125 0.607700059375 1 0.5969844921874999 1 0.5605925109375
1 0.003253578125 0.559242703125 0.040554271875 0.54429811875 0.0561428890625 0.5243882859375 0.003074378125 0.5284407390625 0.003253578125 0.559242703125