1 0.6025207375 0.31194288124999997 0.575125428125 0.3160108546875 0.5622496609375001 0.326866446875 0.5620434249999999 0.33868164843750004 0.5686989078125 0.34874140625 0.598946565625 0.3489847578125 0.6165762484374999 0.34531470625 0.616782484375 0.3334995046875 0.6025207375 0.31194288124999997
1 0.7381462453125 0.0894666671875 0.729589196875 0.07653269375 0.6984423140625 0.07189843124999999 0.6541103109375 0.0958425671875 0.656756425 0.11196909375 0.6752337749999999 0.1156437484375 0.727120484375 0.10615027968749999 0.7379915687499999 0.09832806875 0.7381462453125 0.0894666671875
1 0.658010453125 0.2078482234375 0.6564182390625 0.1872512046875 0.6340861984374999 0.18078191875 0.5579143234374999 0.183885684375 0.54023308125 0.1905095375 0.535221371875 0.19809299687499998 0.5370198203125 0.20687481562499999 0.5309026515624999 0.221882565625 0.541361265625 0.2376907578125 0.5509722140625 0.2461542390625 0.5772620640625 0.2495105578125 0.6134206546875001 0.246561359375 0.6410737578125 0.227724384375 0.658010453125 0.2078482234375
1 0.41333591406250003 0.5838286578125 0.4140577375 0.54247545625 0.40735069687500003 0.5353695 0.33708975625000004 0.5352807140625 0.3095397703125 0.5482100875 0.3042702671875 0.5705625484375 0.29224216406250003 0.58876285 0.2940406140625 0.5975446671875 0.32012422812499997 0.6127161875 0.3386015765625 0.6163908421875 0.3926992046875 0.5920487875 0.4083242046875 0.5914121171875 0.41333591406250003 0.5838286578125
1 0.3809621296875 0.9290207578125 0.400596496875 0.92231731875 0.40792224375 0.8939776734375 0.41188005156249996 0.8908647078125 0.41403941250000004 0.8789699234375 0.40848939062499995 0.8614858734374999 0.400831565625 0.8529428078124999 0.40304248437499995 0.8380942234375001 0.39934247031250003 0.8264381890625 0.3618494578125 0.794021371875 0.3365619515625 0.789148359375 0.326951003125 0.7806848765625001 0.2918463109375 0.779163584375 0.250469775 0.801511446875 0.20526127187499998 0.8756701843749999 0.210347265625 0.919738434375 0.2058223109375 0.9553432031250001 0.20941920781249998 0.9729068375000001 0.21992938125 0.9857612265625001 0.2415168734375 0.9789782062500001 0.2540832890625 0.9858454125 0.36641375625 0.9797924453125001 0.37595042031250003 0.9366042171875 0.3809621296875 0.9290207578125
1 0 0.50633286875 0.023513129687500002 0.49787909375000006 0.047363100000000005 0.4732936859375 0.054379493749999994 0.4626768453125 0.05453416875 0.45381544375000005 0.047031021875 0.4364109765625 0.038422415625 0.426430803125 0.024750540625 0.426987890625 0 0.44035589374999995 0 0.50633286875
1 0.1146292328125 0.25360290625 0.1148354671875 0.24178770468750002 0.12370186875 0.23699887656250002 0.1268120109375 0.2265412015625 0.1161987203125 0.2195944125 0.086798728125 0.22669576875000003 0.08515495625 0.20905255 0.051848712500000005 0.2163130734375 0.03491201875 0.2361892375 0.032752659375 0.248084021875 0.036246439062500004 0.2715552546875 0.0459089453125 0.27706493593750003 0.0840206625 0.274036153125 0.10370658906250001 0.264378915625 0.1146292328125 0.25360290625
1 0.24382821875 0.06385724375 0.21052197499999997 0.07111776875 0.203557140625 0.0787808109375 0.20736027343750002 0.08452924375000001 0.23565480625 0.0848521796875 0.252488384375 0.0708836171875 0.24382821875 0.06385724375
1 0.3111109671875 0.01093679375 0.28757035000000003 0.0177993984375 0.28060551562499997 0.0254624421875 0.3128062984375 0.025626210937499998 0.3198226921875 0.0150093671875 0.3111109671875 0.01093679375
1 0.9699721390624999 0.170047315625 0.9523940140624999 0.17076356875 0.9395182468750001 0.18161916250000001 0.944220603125 0.1917585046875 0.9568385781250001 0.195671909375 0.9792737359375 0.196233596875 0.9863416875000001 0.182662953125 0.9699721390624999 0.170047315625
1 0.432714196875 0.0886294234375 0.4208407703125 0.097968325 0.4110751453125 0.09836624375 0.40400719374999994 0.11193688906249999 0.4078103265625 0.117685321875 0.4244376671875 0.1155319578125 0.44723373750000006 0.0954170453125 0.432714196875 0.0886294234375
1 0.397413778125 0.377858484375 0.395718446875 0.36316906718749997 0.377602009375 0.3388178125 0.3426004359375 0.33138891875 0.32152853124999997 0.30863393906250003 0.3077019796875 0.3180524265625 0.3038472890625 0.31525779374999996 0.29862934375 0.3346564546875 0.2927184109375 0.3378490046875 0.29816531562500004 0.3612406546875 0.293898153125 0.3820764234375 0.2879356609375 0.38822277656250004 0.285621625 0.408978959375 0.2939724375 0.433728134375 0.3141966765625 0.44913840625 0.34110523125 0.41704912343749995 0.38803179062500004 0.41218531406250003 0.397413778125 0.377858484375
1 0.09490335 0 0.063425003125 0.000367328125 0.05260547812500001 0.0052357390625 0.0602633015625 0.013778804687499998 0.065761765625 0.0342166546875 0.059644596875 0.049224406250000005 0.06128836875 0.066867625 0.0661454015625 0.0681455640625 0.0742156953125 0.0530582296875 0.09575162968749999 0.049229007812499996 0.1063649203125 0.056175796874999996 0.09359226875 0.061123792187500005 0.0858828875 0.0555345265625 0.08277274375 0.06599220312500001 0.1208329015625 0.06591721874999999 0.12489382812500001 0.0568966515625 0.1327578875 0.0536245171875 0.1699703796875 0.046204825 0.1730805234375 0.0357471484375 0.1588187765625 0.0141905265625 0.15005549375 0.013071751562500001 0.164832828125 0.0050903734375 0.16492168125 0 0.09490335 0