1 0.39453125 0.37365571875 0.4248046875 0.37217881875000003 0.431640625 0.36184051875 0.431640625 0.35002531718749996 0.4189453125 0.33968701874999996 0.3916015625 0.3367332171875 0.376953125 0.35888671875 0.376953125 0.37070192031250004 0.39453125 0.37365571875
1 0.322265625 0.14325930781250001 0.3408203125 0.1388286078125 0.34375 0.12258270625 0.2998046875 0.10042920468750001 0.2685546875 0.10633680625 0.259765625 0.11962890625 0.259765625 0.12849030781249998 0.2705078125 0.1358748078125 0.322265625 0.14325930781250001
1 0.3623046875 0.20676601093750002 0.33984375 0.2141505109375 0.337890625 0.23482711250000002 0.3544921875 0.2540268125 0.3818359375 0.2717496140625 0.41796875 0.2732265140625 0.4443359375 0.2687958140625 0.4541015625 0.2599344140625 0.46484375 0.24368851249999998 0.458984375 0.2289195125 0.4609375 0.2200581109375 0.4560546875 0.21267361093749998 0.4384765625 0.20676601093750002 0.3623046875 0.20676601093750002
1 0.576171875 0.5597451296875 0.576171875 0.60109833125 0.5810546875 0.60848283125 0.5966796875 0.60848283125 0.650390625 0.6306363328125 0.6689453125 0.6262056328125001 0.6953125 0.60995973125 0.697265625 0.60109833125 0.685546875 0.58337553125 0.6806640625 0.5612220296875 0.6533203125 0.549406828125 0.5830078125 0.5523606296875 0.576171875 0.5597451296875
1 0.6943359375 0.791618440625 0.6591796875 0.794572240625 0.6494140625 0.8034336421875 0.6240234375 0.8093412421874999 0.5859375 0.8433099437499999 0.58203125 0.8551251453125 0.583984375 0.8698941453125 0.576171875 0.878755546875 0.5703125 0.8964783468749999 0.572265625 0.9082935484375 0.576171875 0.911247346875 0.5830078125 0.9393084484375 0.6025390625 0.94521605 0.607421875 0.95260055 0.6162109375 0.9954306515625 0.728515625 0.996907553125 0.7412109375 0.989523053125 0.7626953125 0.9954306515625 0.7734375 0.9821385515625 0.77734375 0.96441575 0.7734375 0.9289701484374999 0.779296875 0.8846631468749999 0.7353515625 0.8122950437500001 0.6943359375 0.791618440625
1 1 0.4475007234375 0.9970703125 0.4430700234375 0.9677734375 0.428301021875 0.9541015625 0.428301021875 0.9453125 0.43863932187500004 0.9375 0.4563621234375 0.9375 0.465223525 0.9443359375 0.47556182343750003 0.9677734375 0.499192225 1 0.5095305265625 1 0.4475007234375
1 0.869140625 0.2318733125 0.8720703125 0.2422116125 0.880859375 0.2466423125 0.880859375 0.2584575140625 0.8916015625 0.2687958140625 0.9111328125 0.2776572140625 0.94921875 0.2791341140625 0.958984375 0.2732265140625 0.962890625 0.2495961125 0.9609375 0.23778091250000002 0.9443359375 0.2185812109375 0.9111328125 0.21267361093749998 0.9091796875 0.23039641249999998 0.8798828125 0.22448881250000002 0.869140625 0.2318733125
1 0.7880859375 0.07975260468749999 0.7548828125 0.073845003125 0.74609375 0.0812295046875 0.7626953125 0.09452160468750001 0.791015625 0.09304470468750001 0.794921875 0.0871371046875 0.7880859375 0.07975260468749999
1 0.6796875 0.028061101562500003 0.6865234375 0.038399401562500005 0.71875 0.0369225015625 0.7119140625 0.0295380015625 0.6884765625 0.0236304015625 0.6796875 0.028061101562500003
1 0.0517578125 0.23039641249999998 0.056640625 0.2200581109375 0.0439453125 0.2097198125 0.0263671875 0.2097198125 0.009765625 0.2230119125 0.0166015625 0.2363040125 0.0390625 0.23482711250000002 0.0517578125 0.23039641249999998
1 0.59375 0.12849030781249998 0.5869140625 0.11519820624999999 0.5771484375 0.11519820624999999 0.5654296875 0.10633680625 0.55078125 0.11372130625000001 0.5732421875 0.13292100625 0.58984375 0.1343979078125 0.59375 0.12849030781249998
1 0.6904296875 0.3278718171875 0.6865234375 0.33082561718750003 0.6728515625 0.321964215625 0.6513671875 0.3455946171875 0.6162109375 0.35445601875 0.59765625 0.37956331875 0.595703125 0.3943323203125 0.6044921875 0.428301021875 0.6513671875 0.43125482187499997 0.677734375 0.4622697234375 0.6982421875 0.44602382343749997 0.70703125 0.420916521875 0.705078125 0.400239921875 0.69921875 0.3943323203125 0.6953125 0.37365571875 0.701171875 0.35002531718749996 0.6953125 0.34707151875000003 0.6904296875 0.3278718171875
1 0.849609375 0.0191997 0.8408203125 0.0206766015625 0.826171875 0.0428301015625 0.8291015625 0.053168403125 0.8662109375 0.059076003125 0.8740234375 0.062029803125000005 0.8779296875 0.070891203125 0.916015625 0.0694143046875 0.9130859375 0.059076003125 0.9052734375 0.064983603125 0.892578125 0.060552903125 0.9033203125 0.053168403125 0.9248046875 0.056122203125000006 0.9326171875 0.070891203125 0.9375 0.0694143046875 0.939453125 0.051691503125 0.93359375 0.0369225015625 0.939453125 0.0162459015625 0.947265625 0.0073845 0.9365234375 0.0029538 0.8349609375 0.0059076 0.8349609375 0.0118152 0.849609375 0.0191997