1 0.39935407968750003 0.6586970578125 0.426453415625 0.6530553593749999 0.438461790625 0.6415091515625 0.43770617500000003 0.6297467125 0.4302229515625 0.6201298515625 0.399916521875 0.6216500359375 0.38256298593750004 0.6263270578125 0.38331860156249997 0.6380894968749999 0.39935407968750003 0.6586970578125
1 0.28167021718749996 0.8878549546875 0.29129150312499996 0.9002194906250001 0.3228558703125 0.903013753125 0.36529519062500004 0.8766181484375 0.36133247968750004 0.8607341984374999 0.3425321046875 0.8581561640625001 0.291351625 0.8706204609375 0.2811035046875 0.879033125 0.28167021718749996 0.8878549546875
1 0.3522693640625 0.7654537921875 0.35554085 0.7858451234375 0.37842845 0.7909778968750001 0.4544456875 0.7834534390625 0.47161031875 0.7758358078125001 0.47601095937500004 0.768001946875 0.4734950875 0.759373053125 0.4783980484375 0.7440912015625 0.46663869687500004 0.7289789890625 0.4563261859375 0.7211218359375 0.4297291703125 0.719315540625 0.393764165625 0.724355140625 0.3676093484375 0.744699884375 0.3522693640625 0.7654537921875
1 0.5666427984375 0.3772801671875 0.5692874531250001 0.4184487 0.576581771875 0.4251249515625 0.6469404328125 0.42111990937500005 0.67347305625 0.4066563828125 0.676929178125 0.384119475 0.6874907140625 0.365318209375 0.6849748421874999 0.356689315625 0.6576222140625 0.3431205828125 0.6388218390625 0.3405425484375 0.5866367203125 0.36790282812499997 0.5710434390625 0.3694463078125 0.5666427984375 0.3772801671875
1 0.5787134671875 0 0.5753498015625 0.0242606796875 0.5709491609375 0.032094540625 0.5518353703125001 0.039905109375 0.5468078968750001 0.0685161703125 0.54309848125 0.0718426484375 0.5419049359375 0.08379802187499999 0.5488858390625 0.1008628734375 0.557249190625 0.1089129625 0.55624455 0.1238089453125 0.5608984828125 0.13518551406249998 0.601079496875 0.16524029375 0.6267963828124999 0.16861336093749998 0.63710889375 0.1764705171875 0.6723826765625 0.1759382984375 0.7119927078125 0.1513024 0.7512206625 0.074916434375 0.742539625 0.031386096875000005 0.743975034375 0 0.5787134671875 0
1 0.9685002390624999 0.5106223937500001 0.99679311875 0.4930253234375 0.996964153125 0.49272085624999995 0.9971926671875 0.4534425890625 0.995466521875 0.4265722078125 0.9639665468749999 0.440047765625 0.9420878578125 0.465887859375 0.9359269625 0.4768552640625 0.9364936734375 0.48567709375 0.9454237359375 0.5025490109375 0.9548561203125001 0.5119729375000001 0.9685002390624999 0.5106223937500001
1 0.8926245937499999 0.6882930375 0.8933802078124999 0.7000554765625 0.88489234375 0.7053345984375 0.8826297671875001 0.71591613125 0.8938224078125 0.7222065140625 0.9226819984375 0.7134312734375 0.9257645812499999 0.730881996875 0.9585224921875 0.7217208859375 0.9738624765624999 0.7009669781250001 0.975056021875 0.68901160625 0.9696464703125001 0.6658725984375 0.9595228640625001 0.6609560546875 0.921608696875 0.6661885875 0.9026838093749999 0.6769397640625 0.8926245937499999 0.6882930375
1 0.7787102671875 0.884525428125 0.811468178125 0.875364315625 0.8178179796875 0.8673375203125 0.8135418515625 0.861842171875 0.7851845796875 0.8631694218750001 0.7694667875000001 0.8780421109375001 0.7787102671875 0.884525428125
1 0.7156501953125 0.941075571875 0.73866230625 0.9328791359374999 0.74501210625 0.924852340625 0.7127565171875 0.9265654609375 0.7065956203125 0.9375328656249999 0.7156501953125 0.941075571875
1 0.0429840390625 0.8212220734375 0.060526478125000005 0.8194856609375 0.07253485468750001 0.8079394531249999 0.067000790625 0.7981296546875 0.054047896875 0.7949728171875 0.0315381046875 0.7957212640625 0.025566112499999998 0.809629278125 0.0429840390625 0.8212220734375
1 0.5875638125 0.8708933999999999 0.598692059375 0.8609139625 0.6084378609375001 0.8599492874999999 0.614409853125 0.846041271875 0.6101337250000001 0.8405459234375 0.5936603171875 0.8436561749999999 0.5724728531250001 0.8649888859375 0.5875638125 0.8708933999999999
1 0.5993576671875 0.581193484375 0.6022513468749999 0.5957035984375 0.6223740484375 0.618865896875 0.6580256375 0.6242148984375 0.680977628125 0.64561749375 0.6940550359375 0.6354451203125 0.698142259375 0.637999859375 0.701787284375 0.618403559375 0.7074458609375001 0.6148841468749999 0.70008715 0.5919380765625 0.7026631421875 0.5709679390625 0.708132815625 0.5645079140625 0.7087596484375001 0.5437307140625001 0.6983827453125 0.519603740625 0.676877596875 0.505456203125 0.6525474265625 0.5389372234375001 0.6059564921875 0.54650826875 0.5993576671875 0.581193484375
1 0.9281687484375001 0.8904466484375 0.916976109375 0.8841562671875 0.92936229375 0.8784912765625 0.9375367406249999 0.8836007546875001 0.9397993171874999 0.87301921875 0.9016962453125 0.8753111453125 0.8983646390625 0.8845188421874999 0.8907569015625001 0.8882311921875001 0.8541006718749999 0.897778171875 0.8518380953125 0.9083597078125001 0.8678735734374999 0.928967265625 0.8767392453125 0.9295693671875 0.8625928046875 0.9383679 0.8629706125000001 0.94424911875 0.96451583125 0.9371571187500001 0.97495285625 0.9316850625 0.9665895046875 0.9236349718750001 0.9594196984375 0.9036295109375001 0.9643226593750001 0.8883476578125 0.9612400765625001 0.8708969359375001 0.956272725 0.8699089687500001 0.949420603125 0.8853837562500001 0.9281687484375001 0.8904466484375