1 0.6552734375 0.667418771875 0.6357421875 0.667418771875 0.6181640625 0.6500380765625 0.5927734375 0.6604664953125 0.5732421875 0.656990353125 0.56640625 0.6900136781249999 0.56640625 0.7212989328125 0.580078125 0.7525841890625 0.5751953125 0.75084611875 0.5703125 0.7595364671875 0.572265625 0.766488746875 0.5654296875 0.7751790953125 0.5546875 0.766488746875 0.548828125 0.7143466546874999 0.5361328125 0.6813233296875 0.5068359375 0.7056563062500001 0.48828125 0.735203490625 0.484375 0.7595364671875 0.4990234375 0.7786552343750001 0.5107421875 0.7821313734374999 0.5234375 0.8186308375 0.5400390625 0.8412257437499999 0.5595703125 0.8516541625 0.5849609375 0.8864155578125 0.6328125 0.8985820453125 0.6611328125 0.872511 0.6962890625 0.8516541625 0.7109375 0.811678559375 0.703125 0.76301260625 0.6875 0.7317273515625 0.68359375 0.700442096875 0.6708984375 0.6813233296875 0.6552734375 0.667418771875
1 0.6396484375 0.4797072421875 0.638671875 0.49187373125 0.6318359375 0.5005640796875 0.607421875 0.5127305671875 0.607421875 0.526635125 0.619140625 0.5440158234375 0.619140625 0.55792038125 0.5966796875 0.5839914265624999 0.5888671875 0.6083244031249999 0.578125 0.6170147515625 0.5810546875 0.6535142140625 0.6015625 0.6552522859375001 0.615234375 0.641347728125 0.615234375 0.60311019375 0.640625 0.5683487984375 0.640625 0.5474919625 0.654296875 0.530111265625 0.66015625 0.509254428125 0.6552734375 0.48665952187499995 0.6396484375 0.4797072421875
1 0.328125 0.6170147515625 0.326171875 0.6274431703125 0.3349609375 0.6257051 0.33984375 0.6343954468749999 0.3359375 0.641347728125 0.337890625 0.6552522859375001 0.349609375 0.6691568421875 0.3603515625 0.646561934375 0.3759765625 0.6326573796875 0.3876953125 0.63613351875 0.392578125 0.6309193093750001 0.3740234375 0.5909437046875 0.3408203125 0.6048482640625 0.3330078125 0.61875281875 0.328125 0.6170147515625
1 0.359375 0.6865375390625 0.3896484375 0.6500380765625 0.396484375 0.6274431703125 0.3779296875 0.6118005421875 0.3681640625 0.61527668125 0.357421875 0.6483000046875 0.34765625 0.6587284234374999 0.349609375 0.679585259375 0.359375 0.6865375390625
1 0.7744140625 0.869034859375 0.8125 0.8916297671875 0.8203125 0.867296790625 0.8173828125 0.789083653125 0.8115234375 0.789083653125 0.7958984375 0.8099404890624999 0.7802734375 0.8099404890624999 0.77734375 0.8325353953124999 0.771484375 0.8429638140625 0.7744140625 0.869034859375
1 0.517578125 0.6378715859375 0.513671875 0.6552522859375001 0.51953125 0.6622045625 0.5283203125 0.6257051 0.5224609375 0.6396096578125 0.517578125 0.6378715859375
1 0.47265625 0.6656807015624999 0.482421875 0.6552522859375001 0.4716796875 0.6396096578125 0.46875 0.6656807015624999 0.47265625 0.6656807015624999
1 0.494140625 0.5440158234375 0.4912109375 0.531849334375 0.4814453125 0.5353254734374999 0.4814453125 0.5492300328125 0.4697265625 0.542277753125 0.45703125 0.554444240625 0.48828125 0.55792038125 0.494140625 0.5440158234375
1 0.46484375 0.6656807015624999 0.4599609375 0.6604664953125 0.4453125 0.6865375390625 0.4462890625 0.6987040265625 0.4521484375 0.6917517484375 0.4580078125 0.7056563062500001 0.4619140625 0.7056563062500001 0.4609375 0.6969659578125 0.4658203125 0.6917517484375 0.4833984375 0.6952278875 0.4853515625 0.7056563062500001 0.4921875 0.7039182359375 0.4951171875 0.68479946875 0.4765625 0.6865375390625 0.4892578125 0.6813233296875 0.4970703125 0.667418771875 0.4716796875 0.67437105 0.4580078125 0.688275609375 0.45703125 0.6691568421875 0.46484375 0.6656807015624999
1 0.43359375 0.6900136781249999 0.439453125 0.6761091203125 0.4296875 0.65177614375 0.435546875 0.6343954468749999 0.4267578125 0.61875281875 0.408203125 0.6378715859375 0.421875 0.67263298125 0.421875 0.6830613999999999 0.43359375 0.6900136781249999
1 0.4306640625 0.5735630078125 0.427734375 0.5787772171875 0.4306640625 0.5909437046875 0.4150390625 0.5839914265624999 0.4091796875 0.597895984375 0.3984375 0.6065863328125001 0.3994140625 0.61875281875 0.4052734375 0.6118005421875 0.4150390625 0.61875281875 0.4248046875 0.6118005421875 0.435546875 0.6170147515625 0.44140625 0.610062471875 0.435546875 0.60311019375 0.435546875 0.585729496875 0.4580078125 0.5839914265624999 0.4609375 0.5787772171875 0.4580078125 0.5666107296875 0.4560546875 0.5770391484374999 0.4306640625 0.5735630078125
1 0.5244140625 0.5075163578125 0.5068359375 0.5144686375 0.49609375 0.526635125 0.4970703125 0.5353254734374999 0.5048828125 0.531849334375 0.5068359375 0.542277753125 0.5146484375 0.542277753125 0.5205078125 0.5561823109375 0.525390625 0.554444240625 0.5234375 0.5405396828125 0.5322265625 0.531849334375 0.53515625 0.5440158234375 0.53125 0.5509681015625 0.537109375 0.554444240625 0.537109375 0.5683487984375 0.53125 0.5787772171875 0.5390625 0.585729496875 0.54296875 0.5787772171875 0.54296875 0.5127305671875 0.5380859375 0.4901356609375 0.533203125 0.4953498703125 0.537109375 0.50230215 0.5341796875 0.5109924984374999 0.5302734375 0.49361180156250006 0.5244140625 0.5075163578125