1 0.4452289578125 0.256833253125 0.456824115625 0.3089968625 0.47311239374999997 0.34198148906250003 0.49959103125000004 0.3174519203125 0.514798784375 0.2877651421875 0.515998990625 0.2633834484375 0.499302665625 0.24432959375 0.48725158593750006 0.24091799531250002 0.470579196875 0.20445352031250003 0.4515542671875 0.18193119062500002 0.430956984375 0.17160539375 0.40183743437499997 0.1369547796875 0.352852921875 0.1250539984375 0.3275385859375 0.151317803125 0.29484235000000003 0.17240165000000002 0.284675925 0.212505225 0.29783146718750003 0.261177609375 0.31684442968750004 0.29240524843750004 0.324190425 0.32370113749999996 0.33894225625 0.34276636875 0.356034659375 0.3565947640625 0.37547960625 0.3564810140625 0.39490061875000004 0.37377788125 0.4190267140625 0.3631904578125 0.43885577500000006 0.366556559375 0.4420124453125 0.33345818125000004 0.4385554390625 0.302139540625 0.421486971875 0.270900525 0.4265402640625 0.2726120125 0.43044122187499995 0.263883953125 0.427728503125 0.2569356296875 0.43357395624999995 0.24819619375 0.4452289578125 0.256833253125
1 0.3987776390625 0.382460440625 0.40300286874999997 0.42073877812499993 0.381565553125 0.4556851453125 0.3838702234375 0.4765642375 0.37217931875 0.49404310625000003 0.3686505046875 0.514956328125 0.37600846718750003 0.5375469078124999 0.3923326484375 0.5444156046875 0.3919605046875 0.5322304453125 0.3978059578125 0.523491009375 0.4207677515625 0.5111693515625 0.41923130468750003 0.49724995625 0.40564377656249995 0.4799189609375 0.4041073296875 0.46599956562499995 0.4235881828125 0.439769884375 0.42867737968749997 0.41536544218750004 0.43841182187500005 0.40660325625000004 0.43146190625 0.3700819078125 0.41085265625 0.3684614203125 0.3987776390625 0.382460440625
1 0.6760123250000001 0.41740065625 0.68225385625 0.40343576406250004 0.68730715 0.40514724687500003 0.688099309375 0.394696325 0.6795411390625 0.3964874375 0.6737196234375 0.38781625468750003 0.6768403890625 0.3808338046875 0.6733594468749999 0.366925784375 0.6601560328125 0.353074640625 0.6519580375 0.3757562234375 0.6379385265625 0.38976661562500003 0.6258874453125001 0.38635501875 0.6216023765625 0.3916032296875 0.6444923609375001 0.43151342968749995 0.6760123250000001 0.41740065625
1 0.6476370625000001 0.4071203625 0.654682725 0.3739992359375 0.6632528625 0.3635028125 0.6590036968749999 0.3426350953125 0.648513 0.335732271875 0.6224065046875 0.372446996875 0.6180974984375001 0.395105828125 0.6382987015625 0.41065708437500004 0.6476370625000001 0.4071203625
1 0.18119768593750002 0.23574418437500003 0.1870311703125 0.23571005781249998 0.20028245781249998 0.21473996562500003 0.2158384171875 0.2146489640625 0.21625843437499997 0.192012884375 0.22093958125 0.1815392109375 0.21514200312499998 0.1554574078125 0.174727628125 0.133060203125 0.16963843125 0.15746464531249998 0.18119768593750002 0.23574418437500003
1 0.49175321250000004 0.3610239703125 0.487036159375 0.3976135703125 0.49133319531249997 0.38366005 0.49638648906249994 0.3853715375 0.49835491875000004 0.367949540625 0.49175321250000004 0.3610239703125
1 0.538036975 0.35727112031249997 0.5294668359375 0.36776753906250004 0.541890059375 0.383364296875 0.5419259656250001 0.3572483703125 0.538036975 0.35727112031249997
1 0.5658845078125 0.46853528281249995 0.5343884796875 0.465237434375 0.530091440625 0.4791909546875 0.5343525734375 0.4913533640625 0.5436909375 0.487816640625 0.5421544890625001 0.47389724375000003 0.55458968125 0.48078869218750003 0.5658845078125 0.46853528281249995
1 0.513562671875 0.3382627640625 0.531843315625 0.336414775 0.5197802671875 0.3417084890625 0.5135387359375 0.355673384375 0.53804894375 0.3485658109375 0.550123959375 0.3345667875 0.553208821875 0.35370026875 0.5458149531250001 0.3572256203125 0.5512523593750001 0.362416953125 0.56295523125 0.336232775 0.56063859375 0.324058990625 0.55557333125 0.3310528140625 0.5482034 0.31716754375 0.5443144109375 0.31719029375 0.5462469375000001 0.325884228125 0.54196186875 0.3311324390625 0.5240773046875 0.327754965625 0.5209804734375 0.31732679531249997 0.5143667984375 0.31910653125 0.513562671875 0.3382627640625
1 0.588918109375 0.4039817671875 0.6052781953124999 0.3847345328125 0.587825615625 0.35001566875 0.5866732796874999 0.3395761234375 0.5742380890625001 0.332684675 0.56994105 0.34663819687499997 0.58235230625 0.3709402640625 0.5784393796875 0.388373634375 0.588918109375 0.4039817671875
1 0.5818963859374999 0.4196922734375 0.58381694375 0.437091515625 0.561647309375 0.43896225468749994 0.5593067359375 0.444199090625 0.56356786875 0.45636149843749996 0.5643600265625001 0.4459105765625 0.590022571875 0.44924255156250004 0.5923631453125 0.4440057140625 0.5881020125 0.43184330624999995 0.60442619375 0.438712003125 0.6087232328125001 0.42475848281250006 0.6184576734375 0.41599629687500006 0.6161410359375 0.40382251562500004 0.611075775 0.4108163375 0.6005850781250001 0.40391351562500005 0.591630828125 0.4109300875 0.5803599390625 0.4057728765625 0.575294678125 0.4127667 0.5818963859374999 0.4196922734375
1 0.4923778171875 0.472447384375 0.48616022187499996 0.4690016609375 0.48462377500000003 0.4550822671875 0.4893049234375 0.44460859218750004 0.480758721875 0.4376943953125 0.47763795625 0.44467684375000005 0.48493607812499995 0.5107939734375 0.49229404062500004 0.533384553125 0.4965791109375 0.5281363421874999 0.491921896875 0.52119939375 0.493878359375 0.512482709375 0.49968790781249994 0.529859203125 0.5039849453125 0.5159056843750001 0.5207171749999999 0.5088436093750001 0.5300675046875 0.49660157656250004 0.528134978125 0.48790764218750005 0.5207411109375 0.491432990625 0.5176442812500001 0.48100481874999995 0.5098663015625 0.48105031875000004 0.502496371875 0.4671650484375 0.49782719062499997 0.4689334109375 0.5013081328125 0.48284143281249997 0.49351818437499995 0.4915922421875 0.4892570515625 0.47942983124999994 0.4923778171875 0.472447384375