1 0.569626484375 0.1900931375 0.5511188203125 0.210293134375 0.5352906796875 0.24481002968749999 0.5233135578125 0.246693740625 0.5070545515625 0.26370578437500003 0.508825178125 0.2883690875 0.524734053125 0.32016195000000003 0.5517986859375 0.3482162796875 0.5673238609375 0.3171481828125 0.577705421875 0.26619871562499997 0.589164146875 0.25901137812499997 0.5952166578125 0.2685463484375 0.5926650328124999 0.275183103125 0.5967718515625 0.28445722500000004 0.601787565625 0.2833849453125 0.5854410265625 0.3125982171875 0.5827143375 0.34363742343750003 0.5866460890625 0.3773140015625 0.6064059828125 0.376473678125 0.6307910921875 0.3902111078125 0.6498171546875 0.3753147390625 0.6692740828125 0.37792321875 0.6860514875 0.3662148015625 0.7003648 0.348941909375 0.706982875 0.31842439843750003 0.7252751078124999 0.28947197812500003 0.7372993953125 0.24223215781250002 0.726190803125 0.2006145859375 0.6929861265625 0.1752265140625 0.6670458218750001 0.145578209375 0.6183159703125 0.1512582328125 0.589992309375 0.18235521562499998 0.569626484375 0.1900931375
1 0.5979701140625 0.4276839953125 0.6036321265625 0.4528689953125 0.6237353531250001 0.481734753125 0.622523490625 0.49552995624999996 0.60933450625 0.5112088734375 0.60812264375 0.5250040765625 0.631383425 0.5403354828125 0.6374359359375 0.5498704531249999 0.6373484031250001 0.5620716812500001 0.6535198765625 0.5572608640625 0.660353384375 0.535495778125 0.6563340984375 0.5140204265625 0.6442290765625 0.49495048593749996 0.6460468703125 0.4742576828125 0.62378251875 0.436378646875 0.6271151390624999 0.39844183593750004 0.6147071515625 0.382820696875 0.5941258953124999 0.38180619375 0.5880262187499999 0.41762732812500003 0.5979701140625 0.4276839953125
1 0.352166528125 0.36855985156250004 0.3465448828125 0.37652973125 0.3379407484375 0.3736315140625 0.33897754375 0.3842387640625 0.3439932578125 0.3831664875 0.3505641671875 0.3980050796875 0.3824290828125 0.41623470312500005 0.4043972671875 0.37905155 0.399987484375 0.3732262296875 0.38801036093749997 0.37510994062499997 0.37365668125 0.359227953125 0.364924646875 0.3353760828125 0.352038628125 0.3476061953125 0.34888107343749997 0.36114055 0.352166528125 0.36855985156250004
1 0.370889625 0.35711228125 0.3787127625 0.3913105515625 0.38813826093750003 0.39606359375 0.40798568749999997 0.38302204687499997 0.40314503906250004 0.359691871875 0.3761679390625 0.31943631875 0.36583354375 0.32502968125 0.3620700578125 0.34546163750000003 0.370889625 0.35711228125
1 0.8052707421875 0.230408190625 0.80622000625 0.2532166671875 0.8217855484375001 0.25530345312499997 0.835533296875 0.27808304375000004 0.841370375 0.2788655875 0.8511056390625 0.201658840625 0.8454436265625 0.1764738421875 0.8055333421875 0.193804509375 0.8003425609375 0.2192792421875 0.8052707421875 0.230408190625
1 0.53454325 0.38777595 0.5391684671875 0.4023536984375 0.5335939875 0.364967475 0.527150978125 0.3710825296875 0.5295275359375 0.38884823281249997 0.53454325 0.38777595
1 0.49601989375000005 0.366908959375 0.48720032656249995 0.35525831874999997 0.483308940625 0.354736621875 0.4839552375 0.3809939 0.49601989375000005 0.366908959375
1 0.4858065984375 0.4719669609375 0.48459473593749997 0.485762165625 0.49402023437500003 0.4905152078125 0.497999153125 0.478835675 0.4933739375 0.464257928125 0.4619398875 0.46353315781250004 0.4735265109375 0.47729947343749995 0.4858065984375 0.4719669609375
1 0.4826626421875 0.32847934218749997 0.47825285937500006 0.3226540203125 0.47998311875 0.31416244375 0.4760917328125 0.31364074531249997 0.46904279375 0.3266534046875 0.46381164531249996 0.3189732609375 0.4617784203125 0.3309136375 0.474098875 0.358736003125 0.47941755468749997 0.354214925 0.47193775000000004 0.3497227328125 0.47457690625 0.3308847515625 0.48698489375 0.3465058921875 0.51167296875 0.3567945203125 0.505102059375 0.3419559234375 0.4929095046875 0.33508720937500003 0.5112421031250001 0.33928966875 0.509989875 0.319929990625 0.5033314328125 0.3172926203125 0.50047684375 0.3273781765625 0.4826626421875 0.32847934218749997
1 0.420568740625 0.3742407375 0.43738651093750003 0.3956871984375 0.4475054734375 0.3813414109375 0.44318322343750005 0.3633148625 0.4550324453125 0.340477496875 0.4504072296875 0.3258997484375 0.4381271421875 0.33123226093749997 0.43721824531250003 0.3415786640625 0.420568740625 0.3742407375
1 0.41537795937500005 0.3997154671875 0.4101468125 0.392035325 0.40811358750000004 0.4039757 0.4180574828125 0.41403236874999993 0.4226827 0.428610115625 0.4388541734375 0.42379930000000005 0.4348752546875 0.4354788296875 0.43733934531249996 0.4410433046875 0.4629363171875 0.44098552812499997 0.4639731125 0.4515927796875 0.46795203125 0.4399132484375 0.465487940625 0.43434877656250004 0.44326395625000004 0.42962462031250004 0.44477878437499996 0.41238061562499995 0.45122179375 0.406265559375 0.445990646875 0.3985854140625 0.4348348875 0.40232395 0.4257123546875 0.394122109375 0.41537795937500005 0.3997154671875
1 0.541713290625 0.4742279328125 0.5355732468750001 0.47689418906250003 0.5388587015625 0.48431348593749995 0.5348797828125 0.49599301875 0.5268815796874999 0.4861972 0.530039134375 0.47266284374999995 0.525326384375 0.4702863234375 0.5182774453125 0.48329898125000004 0.5104946734375 0.4822555890625 0.507640084375 0.49234114375000004 0.500160278125 0.48784894999999995 0.49843001875 0.4963405296875 0.50807095 0.5098459953125001 0.524976253125 0.5190912328125 0.5296014703124999 0.5336689781249999 0.5350076828125 0.5169466703125 0.5371688078125 0.5259599453125 0.5326714921875 0.5323358515625001 0.537081275 0.5381611734375 0.5439147828124999 0.5163960875 0.549671128125 0.4508688703125 0.5463856734375 0.4434495734375 0.537996971875 0.44930378125 0.542925153125 0.4604327296875 0.541713290625 0.4742279328125